numObs1 <- 48
n_shards <- 8
solve_time <- 
c(4, 7, 9, 14, 17, 22, 26, 30)
time_index1 <- 
c(1, 1, 1, 2, 2, 2, 2, 2, 2, 2, 2, 2, 3,
3, 3, 4, 4, 4, 4, 4, 4, 4, 4, 4, 4, 4, 4, 4, 4, 4, 5, 5,
5, 6, 6, 6, 6, 6, 7, 7, 7, 7, 8, 8, 8, 8, 8, 8)
numObs2 <- 18
time_index2 <- 
c(2, 2, 2, 2, 2, 2, 2, 3, 3, 3, 3, 3, 4,
4, 4, 4, 4, 4)
CAR_MZ_counts <- 
c(25810.98604875, 47579.026685952,
74404.3973022, 106472.67785, 116135.17030701,
68208.664992, 82174.83759198, 116206.276159008,
70243.59888, 151638.284259, 99223.820930976,
61926.49681152, 95605.90071552, 86496.734726094,
120675.0528774, 81779.3653408, 77622.2891136,
94738.20402072, 105607.39275807, 172812.40449,
176191.832124, 47396.6988, 54357.00261264, 293382.009648,
132425.847893472, 90554.82803136, 102786.463966,
66868.17573792, 119368.902312, 159327.46548432,
115000.514244, 122828.357976, 101216.864449368,
82335.358062, 128703.4148304, 145413.68940252,
142528.6821006, 126025.433287, 93051.58492008,
144123.786161355, 184538.45527992, 81279.8122612,
103332.6966672, 52762.75312, 85761.71436624,
117695.4142455, 76372.52805, 115171.6482)
CAR_GC_counts <- 
c(26403.69663, 135834.25632,
131792.265, 2167096.224, 3131802.474, 1257672.312,
1158705.43026, 1295802.27168, 1017170.7, 2778786.5868,
3622973.2976, 642098.688, 1610421.1146, 1422265.07159,
1885733.5629, 1297622.835, 1803748.408, 1958302.1016,
1628989.339, 2105295, 2087024.94, 2060522.8875,
1510485.8496, 2782589.04, 686255.0156, 1147521.456,
1530560.504, 1730758.08, 3980667.84, 1435514.99616,
1549430.388, 1165316.85, 916063.02, 593145, 761268.2514,
490106.232, 1229869.2186, 530364.9, 570077.352,
595227.7254, 559495.76, 487148.025, 32821.5888, 41713.21,
176828.6376, 242093.124, 184109.1525, 201017.7)
CAR_MZN2_counts <- 
c(13379.93699328, 20928.222315,
25024.3470792, 17997.2369694, 12826.739016,
21660.36727608, 12495.19037382, 7232.54015604,
10312.8834941, 9184.14542864, 8819.920790016,
17967.69729216, 12861.8167293, 10228.772736,
13532.61167104, 8471.269378, 19284.18253146,
18007.96874096)
CAR_GCN2_counts <- 
c(1024670.192, 1057103.19,
2171095.872, 1592977.724, 2499466.392, 1491853.6584,
1017132.5556, 991700.045, 1685398.8426, 1315338.752,
614265.22794, 1849800.078, 730678.7145, 796179.111,
811877.4048, 1266754.622, 2696181.7, 2008168.45008)
ts_pred <- 
c(4, 4.05210420841683, 4.10420841683367,
4.1563126252505, 4.20841683366733, 4.26052104208417,
4.312625250501, 4.36472945891784, 4.41683366733467,
4.4689378757515, 4.52104208416834, 4.57314629258517,
4.625250501002, 4.67735470941884, 4.72945891783567,
4.7815631262525, 4.83366733466934, 4.88577154308617,
4.93787575150301, 4.98997995991984, 5.04208416833667,
5.09418837675351, 5.14629258517034, 5.19839679358717,
5.25050100200401, 5.30260521042084, 5.35470941883768,
5.40681362725451, 5.45891783567134, 5.51102204408818,
5.56312625250501, 5.61523046092184, 5.66733466933868,
5.71943887775551, 5.77154308617235, 5.82364729458918,
5.87575150300601, 5.92785571142285, 5.97995991983968,
6.03206412825651, 6.08416833667335, 6.13627254509018,
6.18837675350701, 6.24048096192385, 6.29258517034068,
6.34468937875751, 6.39679358717435, 6.44889779559118,
6.50100200400802, 6.55310621242485, 6.60521042084168,
6.65731462925852, 6.70941883767535, 6.76152304609218,
6.81362725450902, 6.86573146292585, 6.91783567134268,
6.96993987975952, 7.02204408817635, 7.07414829659319,
7.12625250501002, 7.17835671342685, 7.23046092184369,
7.28256513026052, 7.33466933867735, 7.38677354709419,
7.43887775551102, 7.49098196392786, 7.54308617234469,
7.59519038076152, 7.64729458917836, 7.69939879759519,
7.75150300601202, 7.80360721442886, 7.85571142284569,
7.90781563126252, 7.95991983967936, 8.01202404809619,
8.06412825651303, 8.11623246492986, 8.16833667334669,
8.22044088176353, 8.27254509018036, 8.32464929859719,
8.37675350701403, 8.42885771543086, 8.48096192384769,
8.53306613226453, 8.58517034068136, 8.6372745490982,
8.68937875751503, 8.74148296593186, 8.7935871743487,
8.84569138276553, 8.89779559118237, 8.9498997995992,
9.00200400801603, 9.05410821643287, 9.1062124248497,
9.15831663326653, 9.21042084168337, 9.2625250501002,
9.31462925851703, 9.36673346693387, 9.4188376753507,
9.47094188376753, 9.52304609218437, 9.5751503006012,
9.62725450901804, 9.67935871743487, 9.7314629258517,
9.78356713426854, 9.83567134268537, 9.88777555110221,
9.93987975951904, 9.99198396793587, 10.0440881763527,
10.0961923847695, 10.1482965931864, 10.2004008016032,
10.25250501002, 10.3046092184369, 10.3567134268537,
10.4088176352705, 10.4609218436874, 10.5130260521042,
10.565130260521, 10.6172344689379, 10.6693386773547,
10.7214428857715, 10.7735470941884, 10.8256513026052,
10.877755511022, 10.9298597194389, 10.9819639278557,
11.0340681362725, 11.0861723446894, 11.1382765531062,
11.190380761523, 11.2424849699399, 11.2945891783567,
11.3466933867735, 11.3987975951904, 11.4509018036072,
11.503006012024, 11.5551102204409, 11.6072144288577,
11.6593186372745, 11.7114228456914, 11.7635270541082,
11.815631262525, 11.8677354709419, 11.9198396793587,
11.9719438877756, 12.0240480961924, 12.0761523046092,
12.1282565130261, 12.1803607214429, 12.2324649298597,
12.2845691382766, 12.3366733466934, 12.3887775551102,
12.4408817635271, 12.4929859719439, 12.5450901803607,
12.5971943887776, 12.6492985971944, 12.7014028056112,
12.7535070140281, 12.8056112224449, 12.8577154308617,
12.9098196392786, 12.9619238476954, 13.0140280561122,
13.0661322645291, 13.1182364729459, 13.1703406813627,
13.2224448897796, 13.2745490981964, 13.3266533066132,
13.3787575150301, 13.4308617234469, 13.4829659318637,
13.5350701402806, 13.5871743486974, 13.6392785571142,
13.6913827655311, 13.7434869739479, 13.7955911823647,
13.8476953907816, 13.8997995991984, 13.9519038076152,
14.0040080160321, 14.0561122244489, 14.1082164328657,
14.1603206412826, 14.2124248496994, 14.2645290581162,
14.3166332665331, 14.3687374749499, 14.4208416833667,
14.4729458917836, 14.5250501002004, 14.5771543086172,
14.6292585170341, 14.6813627254509, 14.7334669338677,
14.7855711422846, 14.8376753507014, 14.8897795591182,
14.9418837675351, 14.9939879759519, 15.0460921843687,
15.0981963927856, 15.1503006012024, 15.2024048096192,
15.2545090180361, 15.3066132264529, 15.3587174348697,
15.4108216432866, 15.4629258517034, 15.5150300601202,
15.5671342685371, 15.6192384769539, 15.6713426853707,
15.7234468937876, 15.7755511022044, 15.8276553106212,
15.8797595190381, 15.9318637274549, 15.9839679358717,
16.0360721442886, 16.0881763527054, 16.1402805611222,
16.1923847695391, 16.2444889779559, 16.2965931863727,
16.3486973947896, 16.4008016032064, 16.4529058116232,
16.5050100200401, 16.5571142284569, 16.6092184368737,
16.6613226452906, 16.7134268537074, 16.7655310621242,
16.8176352705411, 16.8697394789579, 16.9218436873747,
16.9739478957916, 17.0260521042084, 17.0781563126253,
17.1302605210421, 17.1823647294589, 17.2344689378758,
17.2865731462926, 17.3386773547094, 17.3907815631263,
17.4428857715431, 17.4949899799599, 17.5470941883768,
17.5991983967936, 17.6513026052104, 17.7034068136273,
17.7555110220441, 17.8076152304609, 17.8597194388778,
17.9118236472946, 17.9639278557114, 18.0160320641283,
18.0681362725451, 18.1202404809619, 18.1723446893788,
18.2244488977956, 18.2765531062124, 18.3286573146293,
18.3807615230461, 18.4328657314629, 18.4849699398798,
18.5370741482966, 18.5891783567134, 18.6412825651303,
18.6933867735471, 18.7454909819639, 18.7975951903808,
18.8496993987976, 18.9018036072144, 18.9539078156313,
19.0060120240481, 19.0581162324649, 19.1102204408818,
19.1623246492986, 19.2144288577154, 19.2665330661323,
19.3186372745491, 19.3707414829659, 19.4228456913828,
19.4749498997996, 19.5270541082164, 19.5791583166333,
19.6312625250501, 19.6833667334669, 19.7354709418838,
19.7875751503006, 19.8396793587174, 19.8917835671343,
19.9438877755511, 19.9959919839679, 20.0480961923848,
20.1002004008016, 20.1523046092184, 20.2044088176353,
20.2565130260521, 20.3086172344689, 20.3607214428858,
20.4128256513026, 20.4649298597194, 20.5170340681363,
