numObs1 <- 21
numObs2 <- 19
solve_time <- 
c(4, 18, 30)
n_shards <- 3
time_index1 <- 
c(1, 1, 1, 1, 1, 1, 1, 2, 2, 2, 2, 2, 2, 2, 3, 3, 3, 3, 3,
3, 3)
time_index2 <- 
c(1, 1, 1, 1, 1, 1, 1, 2, 2, 2, 2, 2, 2, 3, 3, 3, 3, 3, 3)
largePreB_wt <- 
c(0.461, 0.695, 0.586, 0.64, 0.722, 0.669, 0.621, 0.508,
0.512, 0.576, 0.574, 0.545, 0.572, 0.558, 0.414, 0.387, 0.544, 0.426, 0.443,
0.564, 0.565)
largePreB_dko <- 
c(0.232, 0.163, 0.261, 0.524, 0.51, 0.455, 0.37, 0.212,
0.354, 0.3, 0.327, 0.36, 0.406, 0.247, 0.275, 0.2, 0.414, 0.385, 0.447)
smallPreB_wt <- 
c(0.0228, 0.04, 0.0354, 0.0209, 0.0343, 0.0252, 0.0245,
0.257, 0.231, 0.356, 0.326, 0.299, 0.34, 0.304, 0.344, 0.309, 0.397, 0.327,
0.34, 0.514, 0.473)
smallPreB_dko <- 
c(0.0772, 0.0419, 0.0354, 0.026, 0.023, 0.0254, 0.0264,
0.28, 0.231, 0.206, 0.239, 0.269, 0.245, 0.251, 0.294, 0.198, 0.399, 0.381,
0.39)
ts_pred <- 
c(0.1, 0.101925930870006, 0.103888953837172, 0.105889783269649,
0.107929147293821, 0.110007788059287, 0.112126462008932, 0.114285940154207,
0.116487008355714, 0.118730467609183, 0.121017134336971, 0.123347840685163,
0.125723434826404, 0.128144781268558, 0.130612761169311, 0.133128272656838,
0.135692231156641, 0.138305569724687, 0.140969239386952, 0.143684209485518,
0.146451468031324, 0.149272022063716, 0.152146898016924, 0.155077142093588,
0.158063820645491, 0.161108020561614, 0.164210849663666, 0.167373437109237,
0.170596933802714, 0.173882512814104, 0.177231369805933, 0.18064472346836,
0.184123815962674, 0.187669913373332, 0.191284306168703, 0.194968309670683,
0.198723264533359, 0.202550537230891, 0.206451520554783, 0.210427634120745,
0.214480324885299, 0.218611067672354, 0.222821365709906, 0.227112751177082,
0.231486785761721, 0.235945061228691, 0.240489199999149, 0.245120855740963,
0.249841713970501, 0.254653492666011, 0.259557942892814, 0.264556849440539,
0.26965203147263, 0.274845343188359, 0.280138674497598, 0.285533951708573,
0.291033138228876, 0.296638235279973, 0.302351282625471, 0.308174359313414,
0.314109584432874, 0.320159117885114, 0.326325161169603, 0.332609958185165,
0.339015796046567, 0.345545005916824, 0.35219996385554, 0.358983091683584,
0.36589685786442, 0.372943778402413, 0.380126417758432, 0.387447389783089,
0.394909358667954, 0.402515039915083, 0.410267201325224, 0.418168664005057,
0.426222303393822, 0.434431050309734, 0.44279789201654, 0.451325873310622,
0.460018097629036, 0.468877728178888, 0.477907989088467, 0.487112166580547,
0.496493610168277, 0.506055733874115, 0.515802017472232, 0.525736007754843,
0.535861319822931, 0.546181638401822, 0.556700719182107, 0.567422390186381,
0.578350553162306, 0.589489185002509, 0.600842339191819, 0.61241414728238,
0.624208820397176, 0.636230650762505, 0.64848401326998, 0.6609733670686,
0.673703257187492, 0.686678316189902, 0.699903265859041, 0.7133829189164,
0.727122180773161, 0.741126051315332, 0.75539962672327, 0.769948101326244,
0.784776769492711, 0.799891027557006, 0.815296375783135, 0.830998420366382,
0.84700287547348, 0.863315565322062, 0.879942426300167, 0.896889509126561,
0.914162981052675, 0.931769128106935, 0.949714357382332, 0.968005199368038,
0.98664831032593, 1.00565047471289, 1.02501860764975, 1.04475975743778,
1.06488110812367, 1.08538998211389, 1.10629384283937, 1.12760029747159,
1.14931709969087, 1.17145215250808, 1.19401351114058, 1.21700938594368,
1.24044814539844, 1.26433831915709, 1.28868860114705, 1.31350785273479,
1.33880510595056, 1.36458956677528, 1.39087061849068, 1.41765782509404,
1.44496093477858, 1.47278988348101, 1.50115479849729, 1.53006600216813,
1.55953401563535, 1.58956956267071, 1.62018357357841, 1.65138718917272,
1.68319176483232, 1.71560887463263, 1.74865031555774, 1.78232811179352,
1.81665451910335, 1.85164202928812, 1.88730337473218, 1.92365153303682,
1.96069973174292, 1.99846145314468, 2.03695043919596, 2.07618069651116,
2.11616650146237, 2.15692240537476, 2.19846323982195, 2.24080412202341,
2.28396046034583, 2.32794795991036, 2.37278262830795, 2.41848078142467,
2.46505904937929, 2.51253438257516, 2.56092405786869, 2.61024568485659,
2.66051721228425, 2.71175693457745, 2.7639834985, 2.81721590993949,
2.87147354082373, 2.92677613617051, 2.98314382127299, 3.04059710902356,
3.09915690737875, 3.15884452696788, 3.21968168884825, 3.28169053240971,
3.34489362343145, 3.40931396229398, 3.47497499234922, 3.54190060845187,
3.61011516565497, 3.67964348807309, 3.75051087791605, 3.82274312469677,
3.89636651461633, 3.97140784012991, 4.04789440969681, 4.1258540577184,
4.2053151546674, 4.28630661741218, 4.36885791974003, 4.452999103083,
4.53876078745037, 4.6261741825716, 4.71527109925399, 4.80608396095899,
4.89864581560151, 4.99299034757644, 5.08915189001683, 5.18716543728816,
5.28706665772317, 5.38889190660205, 5.49267823938256, 5.59846342518493,
5.70628596053656, 5.81618508338135, 5.92820078735887, 6.04237383635856,
6.15874577935415, 6.27735896552392, 6.39825655966203, 6.52148255788675,
6.64708180365115, 6.77510000406221, 6.90558374651422, 7.03858051564246,
7.17413871060344, 7.312307662688, 7.45313765327352, 7.59667993212196,
7.74298673603024, 7.89211130783992, 8.04410791581284, 8.19903187338008,
8.35693955927113, 8.51788843803087, 8.68193708093158, 8.84914518728774,
9.01957360618137, 9.19328435860572, 9.37034066003554, 9.55080694343189,
9.73474888269012, 9.92223341653941, 10.1133287729026, 10.3081044937251,
10.5066314602822, 10.7089819189736, 10.9152295076144, 11.1254492822336,
11.339717744387, 11.5581128689977, 11.7807141327319, 12.0076025429213,
12.238860667043, 12.4745726627666, 12.7148243085802, 12.9597030350062,
13.2092979564184, 13.4636999034722, 13.7230014561581, 13.9872969774936,
14.2566826478626, 14.5312565000166, 14.8111184547501, 15.0963703572633,
15.3871160142243, 15.6834612315459, 15.9855138528896, 16.2933837989115,
16.6071831072633, 16.9270259733645, 17.2530287919595, 17.5853101994748,
17.9239911171928, 18.269194795256, 18.6210468575193, 18.9796753472666,
19.3452107738065, 19.717786159967, 20.0975370905035, 20.4846017614404,
20.8791210303618, 21.2812384676715, 21.6911004088399, 22.1088560076578,
22.5346572905144, 22.9686592117225, 23.4110197099075, 23.8618997654838,
24.3214634592372, 24.7898780320358, 25.2673139456917, 25.753944944993,
26.249948120933, 26.7555039751546, 27.2707964856378, 27.7960131736512,
28.3313451719935, 28.8769872945489, 29.4331381071823, 30)
numPred <- 300
