numObs1 <- 21
numObs2 <- 20
solve_time <- 
c(4, 18, 30)
n_shards <- 3
time_index1 <- 
c(1, 1, 1, 1, 1, 1, 1, 2, 2, 2, 2, 2, 2, 2, 3, 3,
3, 3, 3, 3, 3)
time_index2 <- 
c(1, 1, 1, 1, 1, 1, 1, 2, 2, 2, 2, 2, 2, 2, 3, 3,
3, 3, 3, 3)
BrdU_wt <- 
c(0.461, 0.695, 0.586, 0.64, 0.722, 0.669, 0.621,
0.574, 0.508, 0.512, 0.576, 0.572, 0.558, 0.545, 0.414, 0.387,
0.544, 0.426, 0.443, 0.564, 0.565)
BrdU_dko <- 
c(0.232, 0.163, 0.261, 0.524, 0.51, 0.455, 0.37,
0.212, 0.354, 0.0612, 0.3, 0.327, 0.36, 0.406, 0.247, 0.275, 0.2,
0.414, 0.385, 0.447)
ts_pred <- 
c(0, 0.100334448160535, 0.20066889632107,
0.301003344481605, 0.40133779264214, 0.501672240802676,
0.602006688963211, 0.702341137123746, 0.802675585284281,
0.903010033444816, 1.00334448160535, 1.10367892976589,
1.20401337792642, 1.30434782608696, 1.40468227424749,
1.50501672240803, 1.60535117056856, 1.7056856187291,
1.80602006688963, 1.90635451505017, 2.0066889632107,
2.10702341137124, 2.20735785953177, 2.30769230769231,
2.40802675585284, 2.50836120401338, 2.60869565217391,
2.70903010033445, 2.80936454849498, 2.90969899665552,
3.01003344481605, 3.11036789297659, 3.21070234113712,
3.31103678929766, 3.41137123745819, 3.51170568561873,
3.61204013377926, 3.7123745819398, 3.81270903010033,
3.91304347826087, 4.0133779264214, 4.11371237458194,
4.21404682274247, 4.31438127090301, 4.41471571906354,
4.51505016722408, 4.61538461538462, 4.71571906354515,
4.81605351170569, 4.91638795986622, 5.01672240802676,
5.11705685618729, 5.21739130434783, 5.31772575250836,
5.4180602006689, 5.51839464882943, 5.61872909698997,
5.7190635451505, 5.81939799331104, 5.91973244147157,
6.02006688963211, 6.12040133779264, 6.22073578595318,
6.32107023411371, 6.42140468227425, 6.52173913043478,
6.62207357859532, 6.72240802675585, 6.82274247491639,
6.92307692307692, 7.02341137123746, 7.12374581939799,
7.22408026755853, 7.32441471571906, 7.4247491638796,
7.52508361204013, 7.62541806020067, 7.7257525083612,
7.82608695652174, 7.92642140468227, 8.02675585284281,
8.12709030100334, 8.22742474916388, 8.32775919732441,
8.42809364548495, 8.52842809364549, 8.62876254180602,
8.72909698996656, 8.82943143812709, 8.92976588628763,
9.03010033444816, 9.1304347826087, 9.23076923076923,
9.33110367892977, 9.4314381270903, 9.53177257525084,
9.63210702341137, 9.73244147157191, 9.83277591973244,
9.93311036789298, 10.0334448160535, 10.133779264214,
10.2341137123746, 10.3344481605351, 10.4347826086957,
10.5351170568562, 10.6354515050167, 10.7357859531773,
10.8361204013378, 10.9364548494983, 11.0367892976589,
11.1371237458194, 11.2374581939799, 11.3377926421405,
11.438127090301, 11.5384615384615, 11.6387959866221,
11.7391304347826, 11.8394648829431, 11.9397993311037,
12.0401337792642, 12.1404682274247, 12.2408026755853,
12.3411371237458, 12.4414715719064, 12.5418060200669,
12.6421404682274, 12.742474916388, 12.8428093645485,
12.943143812709, 13.0434782608696, 13.1438127090301,
13.2441471571906, 13.3444816053512, 13.4448160535117,
13.5451505016722, 13.6454849498328, 13.7458193979933,
13.8461538461538, 13.9464882943144, 14.0468227424749,
14.1471571906355, 14.247491638796, 14.3478260869565,
14.4481605351171, 14.5484949832776, 14.6488294314381,
14.7491638795987, 14.8494983277592, 14.9498327759197,
15.0501672240803, 15.1505016722408, 15.2508361204013,
15.3511705685619, 15.4515050167224, 15.5518394648829,
15.6521739130435, 15.752508361204, 15.8528428093645,
15.9531772575251, 16.0535117056856, 16.1538461538462,
16.2541806020067, 16.3545150501672, 16.4548494983278,
16.5551839464883, 16.6555183946488, 16.7558528428094,
16.8561872909699, 16.9565217391304, 17.056856187291,
17.1571906354515, 17.257525083612, 17.3578595317726,
17.4581939799331, 17.5585284280936, 17.6588628762542,
17.7591973244147, 17.8595317725753, 17.9598662207358,
18.0602006688963, 18.1605351170569, 18.2608695652174,
18.3612040133779, 18.4615384615385, 18.561872909699,
18.6622073578595, 18.7625418060201, 18.8628762541806,
18.9632107023411, 19.0635451505017, 19.1638795986622,
19.2642140468227, 19.3645484949833, 19.4648829431438,
19.5652173913043, 19.6655518394649, 19.7658862876254,
19.866220735786, 19.9665551839465, 20.066889632107,
20.1672240802676, 20.2675585284281, 20.3678929765886,
20.4682274247492, 20.5685618729097, 20.6688963210702,
20.7692307692308, 20.8695652173913, 20.9698996655518,
21.0702341137124, 21.1705685618729, 21.2709030100334,
21.371237458194, 21.4715719063545, 21.571906354515,
21.6722408026756, 21.7725752508361, 21.8729096989967,
21.9732441471572, 22.0735785953177, 22.1739130434783,
22.2742474916388, 22.3745819397993, 22.4749163879599,
22.5752508361204, 22.6755852842809, 22.7759197324415,
22.876254180602, 22.9765886287625, 23.0769230769231,
23.1772575250836, 23.2775919732441, 23.3779264214047,
23.4782608695652, 23.5785953177258, 23.6789297658863,
23.7792642140468, 23.8795986622074, 23.9799331103679,
24.0802675585284, 24.180602006689, 24.2809364548495,
24.38127090301, 24.4816053511706, 24.5819397993311,
24.6822742474916, 24.7826086956522, 24.8829431438127,
24.9832775919732, 25.0836120401338, 25.1839464882943,
25.2842809364548, 25.3846153846154, 25.4849498327759,
25.5852842809365, 25.685618729097, 25.7859531772575,
25.8862876254181, 25.9866220735786, 26.0869565217391,
26.1872909698997, 26.2876254180602, 26.3879598662207,
26.4882943143813, 26.5886287625418, 26.6889632107023,
26.7892976588629, 26.8896321070234, 26.9899665551839,
27.0903010033445, 27.190635451505, 27.2909698996656,
27.3913043478261, 27.4916387959866, 27.5919732441472,
27.6923076923077, 27.7926421404682, 27.8929765886288,
27.9933110367893, 28.0936454849498, 28.1939799331104,
28.2943143812709, 28.3946488294314, 28.494983277592,
28.5953177257525, 28.695652173913, 28.7959866220736,
28.8963210702341, 28.9966555183947, 29.0969899665552,
29.1973244147157, 29.2976588628763, 29.3979933110368,
29.4983277591973, 29.5986622073579, 29.6989966555184,
29.7993311036789, 29.8996655518395, 30)
numPred <- 300
